longmax                            9223372036854775807

true                               9223372036854775808  +1
2 3 -1 4 0            +8           9223372036854775817  
-2 -3 4 -1 0          -2           9223372036854775814
-3 -1 0               -4           14
-4 -1 -2 0            -7           17
-1 -4 0               -5           15
3 1 0                 +4           9223372036854775826
-1 -3 0               -4           14
-1 3 0                +2           9223372036854775827
-3 1 0                -2           9223372036854775828
